tau_state_action_values

[[-1.28116031  0.        ]
 [-1.45918182  0.        ]
 [-1.63280814  0.        ]
 [-1.75985436  0.        ]
 [-1.61747745  0.        ]
 [-1.5236387   0.        ]
 [-1.64674312  0.        ]
 [-1.4598472   0.        ]
 [-1.49427096  0.        ]
 [-1.30999892  0.        ]
 [-1.30999798  0.        ]]


self.n_state_action_values

[[-0.81148096 -3.31346941 -7.59076897 -1.2137592   0.          0.          0.
   0.          0.          0.          0.          0.          0.          0.
   0.          0.          0.          0.          0.          0.          0.
   0.          0.          0.          0.          0.          0.          0.
   0.          0.          0.          0.          0.          0.          0.
   0.          0.          0.          0.          0.          0.          0.
   0.          0.          0.          0.          0.          0.          0.
   0.          0.          0.          0.          0.          0.          0.
   0.          0.          0.          0.          0.          0.          0.
   0.          0.          0.          0.          0.          0.          0.
   0.          0.          0.          0.          0.          0.          0.
   0.          0.          0.          0.          0.          0.          0.
   0.          0.          0.          0.          0.          0.          0.
   0.          0.          0.          0.          0.          0.          0.
   0.          0.          0.        ]
 [-0.81000008 -2.09184639 -4.71276525 -4.78386281  0.          0.          0.
   0.          0.          0.          0.          0.          0.          0.
   0.          0.          0.          0.          0.          0.          0.
   0.          0.          0.          0.          0.          0.          0.
   0.          0.          0.          0.          0.          0.          0.
   0.          0.          0.          0.          0.          0.          0.
   0.          0.          0.          0.          0.          0.          0.
   0.          0.          0.          0.          0.          0.          0.
   0.          0.          0.          0.          0.          0.          0.
   0.          0.          0.          0.          0.          0.          0.
   0.          0.          0.          0.          0.          0.          0.
   0.          0.          0.          0.          0.          0.          0.
   0.          0.          0.          0.          0.          0.          0.
   0.          0.          0.          0.          0.          0.          0.
   0.          0.          0.        ]
 [-0.81       -2.01673563 -3.41298799 -4.78743804 -5.68293682  0.          0.
   0.          0.          0.          0.          0.          0.          0.
   0.          0.          0.          0.          0.          0.          0.
   0.          0.          0.          0.          0.          0.          0.
   0.          0.          0.          0.          0.          0.          0.
   0.          0.          0.          0.          0.          0.          0.
   0.          0.          0.          0.          0.          0.          0.
   0.          0.          0.          0.          0.          0.          0.
   0.          0.          0.          0.          0.          0.          0.
   0.          0.          0.          0.          0.          0.          0.
   0.          0.          0.          0.          0.          0.          0.
   0.          0.          0.          0.          0.          0.          0.
   0.          0.          0.          0.          0.          0.          0.
   0.          0.          0.          0.          0.          0.          0.
   0.          0.          0.        ]
 [-0.81       -2.22156059 -3.48623741 -3.57168589 -4.81787151 -2.84906995
   0.          0.          0.          0.          0.          0.          0.
   0.          0.          0.          0.          0.          0.          0.
   0.          0.          0.          0.          0.          0.          0.
   0.          0.          0.          0.          0.          0.          0.
   0.          0.          0.          0.          0.          0.          0.
   0.          0.          0.          0.          0.          0.          0.
   0.          0.          0.          0.          0.          0.          0.
   0.          0.          0.          0.          0.          0.          0.
   0.          0.          0.          0.          0.          0.          0.
   0.          0.          0.          0.          0.          0.          0.
   0.          0.          0.          0.          0.          0.          0.
   0.          0.          0.          0.          0.          0.          0.
   0.          0.          0.          0.          0.          0.          0.
   0.          0.          0.          0.        ]
 [-0.81       -2.23636301 -3.59438505 -3.72583824 -3.57191735 -4.66957825
  -4.51847946  0.          0.          0.          0.          0.          0.
   0.          0.          0.          0.          0.          0.          0.
   0.          0.          0.          0.          0.          0.          0.
   0.          0.          0.          0.          0.          0.          0.
   0.          0.          0.          0.          0.          0.          0.
   0.          0.          0.          0.          0.          0.          0.
   0.          0.          0.          0.          0.          0.          0.
   0.          0.          0.          0.          0.          0.          0.
   0.          0.          0.          0.          0.          0.          0.
   0.          0.          0.          0.          0.          0.          0.
   0.          0.          0.          0.          0.          0.          0.
   0.          0.          0.          0.          0.          0.          0.
   0.          0.          0.          0.          0.          0.          0.
   0.          0.          0.          0.        ]]

self.average_delays, []

Progress:
Episode: 100/100
Run: 3/3



